251 160
250 160
249 160
248 160
247 160
246 160
245 160
244 160
243 160
242 160
241 160
240 160
239 160
238 160
237 160
236 160
235 160
234 160
233 160
232 160
231 160
230 160
229 160
228 160
227 160
226 160
225 160
224 160
223 160
222 160
221 160
220 160
219 160
218 160
217 160
216 160
215 160
214 160
213 160
212 160
211 160
210 160
209 160
208 160
207 160
206 160
205 160
204 160
203 160
202 160
201 160
200 160
199 160
198 160
197 160
196 160
195 160
194 160
193 160
192 160
191 160
190 160
189 160
188 160
187 160
186 160
185 160
184 160
183 160
182 160
181 160
180 160
179 160
178 160
177 160
176 160
175 160
174 160
173 160
172 160
171 160
170 160
169 160
168 160
167 160
166 160
165 160
164 160
163 160
162 160
161 160
160 160
159 160
158 160
157 160
156 160
155 160
154 160
153 160
152 160
151 160
150 160
149 160
148 160
147 160
146 160
145 160
144 160
143 160
142 160
141 160
140 160
139 160
138 160
137 160
136 160
135 160
134 160
133 160
132 160
131 160
130 160
129 160
128 160
127 160
126 160
125 160
124 160
123 160
123 161
123 162
123 163
123 164
123 165
123 166
123 167
123 168
123 169
123 170
123 171
123 172
123 173
123 174
123 175
123 176
123 177
123 178
123 179
123 180
123 181
123 182
123 183
123 184
123 185
123 186
123 187
123 188
123 189
123 190
123 191
123 192
123 193
123 194
123 195
122 195
122 196
122 197
122 198
122 199
122 200
122 201
122 202
122 203
121 203
121 204
121 205
120 205
119 205
118 205
117 205
116 205
115 205
114 205
113 205
112 205
111 205
110 205
109 205
108 205
107 205
106 205
105 205
104 205
103 205
102 205
101 205
100 205
99 205
98 205
97 205
96 205
95 205
94 205
93 205
92 205
91 205
90 205
89 205
88 205
87 205
86 205
85 205
84 205
83 205
82 205
81 205
80 205
79 205
78 205
77 205
76 205
75 205
74 205
73 205
72 205
71 205
70 205
69 205
68 205
67 205
66 205
65 205
64 205
63 205
62 205
61 205
61 204
61 203
61 202
61 201
61 200
61 199
61 198
61 197
61 196
61 195
61 194
60 194
60 193
60 192
59 192
58 192
57 192
56 192
55 192
54 192
53 192
52 192
51 192
51 191
51 190
51 189
51 188
51 187
51 186
51 185
51 184
51 183
51 182
51 181
51 180
51 179
51 178
51 177
51 176
51 175
51 174
51 173
51 172
51 171
51 170
